texture ground.jpg
vertices
0 0 0 0 1
40 0 0 4 1
0 0 10 0 0
40 0 10 4 0
0 0 12 0 4 
10 0 12 1 4
0 0 52 0 0 
10 0 52 1 0
42 0 0 0 4 
52 0 0 1 4 
42 0 40 0 0
52 0 40 1 0
12 0 42 0 1
52 0 42 4 1
12 0 52 0 0
52 0 52 4 0
10 0 10 0 1
31 0 10 2 1
10 0 21 0 0
31 0 21 2 0
31 0 10 0 2
42 0 10 1 2
31 0 31 0 0
42 0 31 1 0
10 0 21 0 2
21 0 21 1 2
10 0 42 0 0
21 0 42 1 0
21 0 31 0 1
42 0 31 2 1
21 0 42 0 0
42 0 42 2 0
indices
2 1 0
1 2 3
6 5 4
5 6 7
10 9 8
9 10 11
14 13 12
13 14 15
18 17 16
17 18 19
22 21 20
21 22 23
26 25 24
25 26 27
30 29 28
29 30 31
texture wall.jpg
vertices
0  0 10 0 1
10 0 10 1 1
0  4 10 0 0
10 4 10 1 0
10 0 10 0 1
10 0 12 0.2 1
10 4 10 0 0
10 4 12 0.2 0
10 0 12 1 1 
0  0 12 0 1 
10 4 12 1 0 
0  4 12 0 0
40 0 10 0 1
40 0 0  1 1
40 4 10 0 0
40 4 0  1 0
42 0 10 0 1
40 0 10 0.2 1
42 4 10 0 0
40 4 10 0.2 0
42 0 0  0 1
42 0 10 1 1
42 4 0  0 0
42 4 10 1 0
42 0 40 0 1
52 0 40 1 1
42 4 40 0 0
52 4 40 1 0
42 0 42 0 1
42 0 40 0.2 1
42 4 42 0 0
42 4 40 0.2 0		   	      
52 0 42 1 1
42 0 42 0 1
52 4 42 1 0
42 4 42 0 0		   	      
10 0 52 0 1
10 0 42 1 1
10 4 52 0 0
10 4 42 1 0
10 0 42 0.2 1
12 0 42 0 1
10 4 42 0.2 0
12 4 42 0 0   	      
12 0 42 1 1
12 0 52 0 1
12 4 42 1 0
12 4 52 0 0      
21 0 21 1 1
31 0 21 0 1
21 4 21 1 0
31 4 21 0 0   	      
31 0 21 1 1
31 0 31 0 1
31 4 21 1 0
31 4 31 0 0 
21 0 31 0 1
21 0 21 1 1
21 4 31 0 0
21 4 21 1 0   	      
31 0 31 0 1
21 0 31 1 1
31 4 31 0 0
21 4 31 1 0
52 0 0 5 1
0 0 0 0 1
52 4 0 5 0
0 4 0 0 0
52 0 52 5 1
52 0 0 0 1
52 4 52 5 0
52 4 0 0 0
0 0 52 0 1
52 0 52 5 1
0 4 52 0 0
52 4 52 5 0
0 0 0 0 1
0 0 52 5 1
0 4 0 0 0
0 4 52 5 0
0  4 12 0 0
0  4 10 0 0.5
10 4 12 2 0
10 4 10 2 0.5
40 4 10 0 0.5
40 4 0  2 0.5
42 4 10 0 0
42 4 0  2 0
42 4 42 0 0
42 4 40 0 0.5
52 4 42 2 0
52 4 40 2 0.5
10 4 52 0 0.5
10 4 42 2 0.5
12 4 52 0 0
12 4 42 2 0
21 4 31 0 0
21 4 21 0 2
31 4 31 2 0
31 4 21 2 2
indices
2 1 0
1 2 3
6 5 4
5 6 7
10 9 8
9 10 11
14 13 12
13 14 15
18 17 16
17 18 19
22 21 20
21 22 23
26 25 24
25 26 27
30 29 28
29 30 31
34 33 32
33 34 35
38 37 36
37 38 39
42 41 40
41 42 43
46 45 44
45 46 47
50 49 48
49 50 51
54 53 52
53 54 55
58 57 56
57 58 59
62 61 60
61 62 63
66 65 64
65 66 67
70 69 68
69 70 71
74 73 72
73 74 75
78 77 76
77 78 79
82 81 80
81 82 83
86 85 84
85 86 87
90 89 88
89 90 91
94 93 92
93 94 95
98 97 96
97 98 99